399.991209
401.329443
402.668523
404.008445
405.349207
406.690806
408.033239
409.376504
410.720597
412.065517
413.411259
414.757821
416.105201
417.453395
418.802401
420.152216
421.502837
422.854262
424.206487
425.559510
426.913327
428.267937
429.623336
430.979521
432.336490
433.694240
435.052768
436.412071
437.772147
439.132992
440.494604
441.856980
443.220117
444.584012
445.948663
447.314066
448.680220
450.047121
451.414765
452.783152
454.152277
455.522138
456.892732
458.264056
459.636107
461.008884
462.382382
463.756599
465.131532
466.507178
467.883535
469.260600
470.638370
472.016842
473.396013
474.775881
476.156442
477.537694
478.919635
480.302260
481.685568
483.069556
484.454220
485.839559
487.225568
488.612246
489.999590
491.387596
492.776263
494.165586
495.555564
496.946193
498.337471
499.729395
501.121962
502.515169
503.909014
505.303493
506.698604
508.094344
509.490711
510.887701
512.285311
513.683539
515.082382
516.481838
517.881902
519.282574
520.683849
522.085724
523.488198
524.891268
526.294929
527.699181
529.104019
530.509441
531.915445
533.322027
534.729184
536.136915
537.545215
538.954082
540.363514
541.773508
543.184060
544.595168
546.006829
547.419041
548.831800
550.245104
551.658949
553.073334
554.488255
555.903709
557.319694
558.736207
560.153245
561.570805
562.988884
564.407480
565.826590
567.246211
568.666340
570.086974
571.508110
572.929747
574.351880
575.774507
577.197626
578.621233
580.045326
581.469902
582.894957
584.320490
585.746497
587.172976
588.599924
590.027337
591.455214
592.883551
594.312346
595.741595
597.171297
598.601447
600.032044
601.463084
602.894565
604.326484
605.758837
607.191623
608.624839
610.058481
611.492547
612.927033
614.361938
615.797259
617.232992
618.669134
620.105684
621.542638
622.979993
624.417746
625.855896
627.294438
628.733370
630.172689
631.612393
633.052479
634.492943
635.933783
637.374997
638.816581
640.258532
641.700849
643.143527
644.586564
646.029958
647.473705
648.917803
650.362249
651.807040
653.252173
654.697646
656.143455
657.589598
659.036073
660.482875
661.930003
663.377453
664.825224
666.273311
667.721712
669.170425
670.619446
672.068773
673.518403
674.968333
676.418560
677.869082
679.319895
680.770998
682.222386
683.674058
685.126010
686.578239
688.030744
689.483520
690.936566
692.389878
693.843453
695.297290
696.751384
698.205733
699.660335
701.115186
702.570284
704.025626
705.481209
706.937030
708.393086
709.849376
711.305895
712.762641
714.219611
715.676802
717.134213
718.591839
720.049678
721.507727
722.965983
724.424444
725.883107
727.341968
728.801026
730.260277
731.719718
733.179347
734.639161
736.099157
737.559332
739.019683
740.480209
741.940905
743.401768
744.862797
746.323989
747.785340
749.246848
750.708509
752.170322
753.632283
755.094389
756.556639
758.019028
759.481554
760.944214
762.407006
763.869926
765.332973
766.796142
768.259431
769.722838
771.186359
772.649992
774.113734
775.577582
777.041534
778.505586
779.969736
781.433980
782.898317
784.362743
785.827255
787.291851
788.756528
790.221283
791.686113
793.151015
794.615987
796.081026
797.546128
799.011292
800.476515
801.941792
803.407123
804.872503
806.337931
807.803402
809.268916
810.734467
812.200055
813.665676
815.131327
816.597005
818.062708
819.528433
820.994177
822.459937
823.925710
825.391494
826.857285
828.323082
829.788880
831.254678
832.720473
834.186261
835.652040
837.117807
838.583559
840.049294
841.515008
842.980699
844.446364
845.912000
847.377605
848.843175
850.308708
851.774201
853.239651
854.705056
856.170411
857.635716
859.100966
860.566160
862.031294
863.496365
864.961371
866.426309
867.891175
869.355968
870.820685
872.285322
873.749876
875.214346
876.678728
878.143019
879.607217
881.071318
882.535320
883.999221
885.463017
886.926705
888.390283
889.853747
891.317096
892.780326
894.243434
895.706418
897.169275
898.632002
900.094596
901.557054
903.019374
904.481552
905.943587
907.405474
908.867212
910.328798
911.790228
913.251500
914.712611
916.173558
917.634339
919.094950
920.555389
922.015653
923.475739
924.935645
926.395367
927.854903
929.314250
930.773406
932.232366
933.691129
935.149691
936.608051
938.066205
939.524149
940.981883
942.439402
943.896704
945.353785
946.810644
948.267278
949.723683
951.179857
952.635796
954.091499
955.546963
957.002183
958.457159
959.911886
961.366363
962.820586
964.274552
965.728259
967.181704
968.634883
970.087795
971.540437
972.992805
974.444897
975.896710
977.348241
978.799487
980.250446
981.701115
983.151490
984.601570
986.051351
987.500831
988.950006
990.398874
991.847432
993.295678
994.743607
996.191219
997.638509
999.085475
1000.532115
1007.326554
1013.629782
1019.959123
1026.314253
1032.694848
1039.100581
1045.531127
1051.986163
1058.465362
1064.968401
1071.494952
1078.044693
1084.617297
1091.212440
1097.829796
1104.469041
1111.129850
1117.811897
1124.514858
1131.238407
1137.982220
1144.745971
1151.529335
1158.331988
1165.153605
1171.993860
1178.852428
1185.728984
1192.623204
1199.534762
1206.463333
1213.408593
1220.370216
1227.347877
1234.341251
1241.350014
1248.373839
1255.412403
1262.465379
1269.532444
1276.613272
1283.707538
1290.814917
1297.935084
1305.067714
1312.212481
1319.369062
1326.537130
1333.716362
1340.906431
1348.107013
1355.317783
1362.538416
1369.768586
1377.007969
1384.256240
1391.513074
1398.778145
1406.051129
1413.331701
1420.619535
1427.914307
1435.215691
1442.523363
1449.836997
1457.156269
1464.480853
1471.810425
1479.144659
1486.483231
1493.825815
1501.172086
1508.521720
1515.874391
1523.229774
1530.587545
1537.947378
1545.308948
1552.671930
1560.035999
1567.400831
1574.766100
1582.131481
1589.496649
1596.861279
1604.225046
1611.587625
1618.948691
1626.307919
1633.664984
1641.019561
1648.371325
1655.719951
1663.065114
1670.406489
1677.743750
1685.076573
1692.404633
1699.727605
1707.045164
1714.356984
1721.662741
1728.962109
1736.254765
1743.540382
1750.818635
1758.089200
1765.351752
1772.605965
1779.851515
1787.088076
1794.315324
1801.532933
1808.740579
1815.937936
1823.124679
1830.300484
1837.465025
1844.617978
1851.759016
1858.887816
1866.004053
1873.107400
1880.197534
1887.274129
1894.336860
1901.385402
1908.419431
1915.438620
1922.442646
1929.431182
1936.403905
1943.360489
1950.300608
1957.223939
1964.130156
1971.018933
1977.889947
1984.742871
1991.577381
1998.393152
2005.189859
2011.967176
2018.724780
2025.462344
2032.179544
2038.876054
2045.551551
2052.205707
2058.838200
2065.448703
2072.036892
2078.602441
2085.145026
2091.664321
2098.160002
2104.631744
2111.079221
2117.502108
2123.900081
2130.272814
2136.619982
2142.941261
2149.236325
2155.504850
2161.746509
2167.960979
2174.147935
2180.307050
2186.438001
2192.540462
2198.614108
2204.658614
2210.673655
2216.658906
2222.614043
2228.538739
2234.432671
2240.295512
2246.126939
2251.926625
2257.694246
2263.429477
2269.131994
2274.801470
2280.437580
2286.040001
2291.608406
2297.142472
2302.641872
2308.106281
2313.535376
2318.928830
2324.286319
2329.607517
2334.892100
2340.139743
2345.350120
2350.522907
2355.657778
2360.754409
2365.812474
2370.831649
2375.811608
2380.752027
2385.652580
2390.512942
2395.332789
2400.111795

